[frame.jpg]
text=1;144;8;eyyylmao;Bahnschrift SemiLight;0.205714,0.409375,0.033333,0.000000;v1,4294967295,4278190080,128.000000,1.000000,0.037383,1.000000,400,0,49152;;
backuphash=4089
textactive=1
